86484
62174
20727
594
56875
58809
16476
305
70230
43813
67615
6542
10343
74137
83945
42669
13040
96182
71121
88908
77912
73
80889
73897
25530
73058
36117
6540
7978
30639
89608
49220
1576
24374
27223
75714
62960
67411
43710
99895
19008
18946
75970
80534
34226
13495
87808
89024
44141
15611
31440
28519
4967
63570
91914
4330
20537
2467
82225
54996
17145
68033
32837
38105
13363
44202
95217
43570
18109
98795
67938
15972
68329
11280
203
13710
98295
12515
74644
45150
1306
39667
33596
71981
13399
36322
10960
20534
64119
95660
10506
28014
3675
21073
88033
30492
67016
64791
74330
63681
68052
40277
50798
47519
41264
3435
78315
80802
4388
92631
141
98580
2961
53204
78758
52342
58604
68843
99229
46072
33823
52171
36978
27972
22783
18641
60050
83846
36876
7761
76048
4749
76582
53111
44573
24420
99517
27647
63472
84684
68034
57653
3352
47925
49585
3553
3379
64278
51315
78520
66204
46986
67865
48278
1707
68536
99195
10428
52673
73919
14654
64050
86807
35501
32365
2145
89239
9625
47557
11226
86084
19926
38628
1334
54989
70534
53569
12352
45203
1818
15997
44231
66500
21358
35008
12769
44889
46541
50308
41263
31837
3892
25818
18177
72684
44118
22690
5267
78452
79696
36139
31057
79939
36542
69854
4898
91700
55535
85824
39957
26654
21140
75970
52750
86488
83832
43748
78283
15084
82007
79708
17381
67943
571
79797
43714
51385
44831
31612
1634
92787
97031
70493
63979
52217
74501
96665
27052
12049
88407
98592
60489
96940
51788
11596
21683
81716
33241
89030
40526
31068
19999
41442
13178
12247
40716
26971
56035
54169
48245
28561
67983
32873
59885
69379
55569
12585
90708
76089
89988
79520
4074
38837
965
41737
74121
42512
19072
20051
28919
9258
93682
53694
57603
93297
39856
55839
33055
72392
79597
23171
16910
18982
93968
45081
87114
89201
41749
35366
17621
22098
31794
90979
85554
13537
2666
72440
51085
60498
50307
64244
10164
37001
45341
74697
26490
55925
47707
50606
90847
28007
57137
93489
93155
7395
43207
27678
57481
64215
98980
84454
76226
64369
28884
20836
84113
54836
24615
74023
18322
61634
82899
87388
43584
93687
89990
34074
1032
4142
98537
25972
45926
35868
22790
30968
82543
2612
56919
61538
17525
2324
81253
29802
29620
51691
1742
3124
6317
54652
90390
6225
64517
95335
22046
54405
70817
57892
20004
65372
18612
99827
48421
30215
95013
99220
72135
75387
59971
30428
31690
99195
61268
90849
86297
17186
50335
79074
40036
40730
25247
50137
98524
16866
86482
26582
55907
67508
43793
73142
85209
89215
54960
96844
10818
29539
82378
35746
5505
22467
34938
4743
34955
36382
51302
6359
45661
3044
44037
93111
17727
8017
59995
73576
41512
86339
11352
9924
26804
13236
94721
69007
31402
95622
53032
40639
59245
96975
69254
92387
56776
74836
12682
27540
55997
67967
52397
98881
6353
86772
73500
52922
43258
54439
32805
47716
12438
64905
79673
3214
9448
22367
55380
28382
34561
55911
4325
26679
85159
28741
67773
84417
90360
1103
37477
9957
45361
37058
84590
72132
46425
69769
12758
12463
70098
44215
73253
42672
18735
2518
22202
81168
89896
1687
39330
58729
98174
53389
75402
91133
79901
85871
17854
49680
26612
53863
39600
44332
39805
17045
78526
3318
17181
217
14796
14144
59750
53219
78150
97470
22636
11659
80216
23330
26465
59113
30437
87875
83263
20652
40594
24740
63599
46590
41798
77924
19416
42285
60908
7880
97093
6437
65059
47930
21990
26696
22915
37836
87951
53854
6347
74737
75308
7959
33038
36862
53062
91346
97944
50141
32738
43908
3996
94757
90867
70169
98421
51195
20659
71334
69436
58206
48821
5464
12120
39282
12179
46206
84642
89064
89201
90461
93500
73242
70815
6537
59286
76207
61388
64282
81641
81197
18607
90551
17000
52213
796
90827
24487
52658
61158
52918
34339
84770
38296
58460
53303
23121
88513
71272
52381
70118
45066
32811
75399
12669
11359
39920
18537
67420
98780
4778
21111
20478
97958
327
31523
1184
63438
7239
19295
30120
72828
2183
27226
23898
7116
85271
1502
62131
93288
43166
82574
15296
82629
1326
76855
99060
20629
69310
84172
55788
80058
58381
95778
43482
2797
58663
45132
86189
65230
8880
72412
9760
22254
39448
6726
83754
69873
41307
76533
71221
47090
49141
8360
86339
92232
56152
19591
91212
48796
70404
26636
62017
57223
20989
69092
67060
49083
15069
83269
18721
58923
33945
61050
24632
42638
81198
9222
48526
21184
45671
77004
78307
93962
1668
19152
29344
66125
80467
96939
87680
64266
9964
90706
36198
98779
49729
82261
95969
52637
4752
36920
29632
17526
47742
75886
13926
88704
78161
85366
57421
74818
76335
31810
9808
80325
14953
50454
97611
66053
99026
90536
10911
55604
21414
36302
76510
66277
47274
34351
23230
25141
86732
45937
65216
27460
45865
93686
16177
14958
93677
59663
1250
46039
98213
57973
21185
30285
51499
49597
22719
56256
78035
7665
1480
9230
77114
43998
73342
82593
16417
83382
96677
55233
50670
30339
15089
91456
17220
83714
45207
78471
46156
19953
74090
98527
36766
53527
64020
53432
89557
48008
44671
1728
394
83794
61292
85935
1030
34756
99212
95622
4310
90179
56540
74663
82480
81693
34999
5903
56000
49619
99143
51724
1033
290
95285
82899
33166
97570
29662
82994
80765
69829
49163
68515
47716
35418
17804
88544
63551
11340
92138
14840
5194
2150
4787
96945
58855
42305
88477
21429
50319
84917
73934
43653
1753
14471
24592
35183
85565
24578
86100
22487
33813
61275
41849
92761
69549
2704
17950
50909
9296
47397
93265
81001
88654
3193
83479
80608
29410
74863
94627
81341
12360
64343
90636
38219
16279
32377
77590
3459
74076
90610
19399
91083
66987
99448
47892
52377
2441
26237
64297
91492
10071
78326
51979
73434
80253
28250
19752
40589
38713
41727
19027
85487
25027
31671
22783
98403
3037
21671
45082
23113
93596
72800
60054
44021
94899
69941
79455
57352
3229
31477
7192
58898
41394
7033
84177
39772
12092
51343
35555
18348
20046
94725
9985
78784
28511
1297
99098
25946
17196
48485
26997
55379
50491
61010
4307
7148
79819
96832
73582
62594
38341
61759
70920
30628
4543
1253
20276
67862
57351
88378
77423
98302
72817
90629
95478
82144
40313
77661
36543
68556
9666
30284
50001
11456
20830
69405
73238
11236
37779
21502
28949
9909
67739
63956
22469
63771
87901
44213
29671
91251
89294
14854
19014
56106
84078
85876
21936
50282
19672
57372
38123
14963
64432
58640
76323
26050
49071
73584
28899
92035
2414
77692
99170
35209
48243
85536
79298
82005
3401
59718
63726
65413
42877
67290
3278
2886
33727
59968
50475
70103
16163
29327
57252
76426
68806
70537
83531
83166
44431
63352
62270
30712
39030
31860
1271
66523
96820
8408
7960
50452
23049
65967
54933
45348
8320
9516
44146
9320
34340
23996
36107
29226
46118
74977
39156
5972
4282
7184
62540
3068
94540
61434
9938
64263
84924
12781
38668
30475
95707
63405
84337
32986
39716
75207
75897
42000
74715
37531
69817
83135
47572
64664
13489
10524
8747
89593
41201
32363
19373
62945
47131
77074
22395
23023
24990
74816
23114
90951
98472
2164
54641
73197
47832
51202
7367
6640
13343
97180
54037
5346
66921
65387
68527
98233
8241
33022
12453
60672
6620
13821
14069
32129
33994
32329
85383
88272
31944
68305
68910
91693
8084
42428
85836
24572
58529
74956
12902
68964
67449
88220
26694
71115
24455
15618
15074
56274
55209
33774
38823
35491
44047
94862
95756
2955
68086
90134
22947
59030
25375
72808
1733
92087
83843
54439
70812
52659
71898
45740
29262
8879
14877
81056
91578
48075
79431
44617
19832
4374
92401
91254
73653
88856
24719
97336
53877
38129
40891
4844
57345
83670
90681
53429
92250
70268
50137
78519
52375
80279
32285
19477
81286
94594
63942
87695
98836
88789
61819
57808
43198
33145
54417
64300
64139
92172
54130
96699
24688
54537
62637
87704
73286
64512
38731
79550
84410
17774
64776
84389
5416
23428
41979
81176
39434
89910
26612
71439
2695
65594
13964
58227
67194
69209
33775
15764
72417
24345
51135
14189
13664
39032
98621
71387
70525
46312
89958
90154
1653
35462
17756
93032
35691
47089
26768
39337
55515
13817
21134
13059
56511
8868
20870
29950
43917
73406
91087
25615
67527
61387
48313
24838
81245
96938
19123
74524
53284
43735
62815
97525
98160
22756
55851
88062
64510
28609
67313
42208
13000
52289
27200
39441
84128
71655
14177
60039
80932
25401
63238
93867
53839
11260
73365
12873
77311
35826
65590
16760
91085
73180
14104
74990
61188
78317
20657
14641
80307
8163
77221
32914
73081
12869
9513
32695
93157
67219
71085
95565
57616
77828
42544
73616
81727
86335
50162
188
19757
55053
98515
83213
84985
82069
33755
84166
95293
16154
45322
29508
97879
33668
62501
14308
91173
38662
57967
11274
47413
25731
94921
91465
71175
15307
89063
86185
95372
94482
30887
12348
36461
16230
6811
95383
29865
73733
89668
66923
17938
35216
62296
45880
71320
85222
34396
99920
91433
89250
88208
85912
78923
73035
81755
70890
37042
31834
54631
98540
75111
64071
36832
27930
21756
81919
91357
83296
7960
38747
57704
84185
10058
29886
66724
98409
15400
28525
497
13074
90158
39053
43626
21023
58037
39572
14525
17381
5980
88806
18356
4171
64202
27448
89545
81779
30035
19638
37638
23783
70909
82194
93122
47112
88160
60320
72367
31878
90177
64132
82447
35840
46708
59127
4329
32089
68595
16821
69358
78155
32952
19595
9374
67092
80771
52599
13369
82903
278
49443
47559
73729
72682
16664
93142
60946
8208
32238
99468
52265
24592
1793
88167
36148
57635
50731
75240
46943
38800
46592
53120
25700
23703
46056
28350
59028
70575
10108
54786
27986
40478
75678
26847
33112
4906
63541
62854
234
33179
33847
32227
50670
25950
33154
96711
83709
51432
56874
13041
34920
69150
54229
13204
62615
13840
54825
827
63247
41559
73729
90780
10697
46268
95203
60027
19525
13649
12691
20002
515
91755
88884
55776
51692
53963
64958
47045
25165
94584
84223
90854
11820
51974
23362
9234
73601
65868
64315
6474
43184
28129
64504
51564
46799
79178
42183
2392
87821
41135
83627
25312
29878
30928
88840
66091
93166
9535
37962
23511
4584
75478
53755
16403
46295
62260
67501
17232
52160
68292
78137
74084
11095
3890
4593
431
99037
86737
20047
96449
13616
47720
74804
96405
72403
39770
64161
9447
86063
19557
30713
36262
8084
53099
25472
63143
82880
40492
55872
49452
80367
12927
97262
58541
91448
69918
32787
85034
51062
41614
40630
66617
70889
54430
65430
50513
9572
25892
19529
55723
74239
68117
68659
31435
54893
63372
72686
15402
56698
64635
50039
53733
70278
13101
91731
94279
12170
74901
7830
65189
16245
16509
5646
50156
43350
84506
54595
39103
28796
95650
88244
51615
43896
48439
4085
96989
49688
70689
95487
26098
31411
79343
28531
69419
63810
87888
99013
75493
8163
88383
81876
11905
11634
65580
93905
37990
20785
86043
19207
45049
10937
88416
17442
2078
59719
48904
62931
86797
11818
42732
43737
28082
54401
88875
57915
46755
51565
60748
80333
34557
73242
38154
79287
36680
36698
8749
51279
50803
57294
38518
96209
62146
25973
38054
59222
56841
53763
10464
61470
86529
68971
84189
70483
81689
77106
7008
5623
62513
62722
80469
31466
56779
41912
74302
38237
24211
7908
72718
8556
43927
56944
68243
51650
5783
56194
36618
90396
31829
58348
15782
75337
46200
35900
13370
24230
12413
25264
66750
977
52113
67465
36211
53482
43898
90391
17226
95686
57449
59426
1937
74555
79032
600
96308
38266
83495
84744
96092
9089
23901
862
7461
62324
73294
28126
18432
85341
88022
82951
36174
98658
28342
39217
92410
41051
69027
16114
52575
23360
3532
97545
24831
73988
59027
10260
65252
52620
37129
46338
5576
15681
63374
46020
53503
52039
50853
15724
84960
85621
63675
36777
89803
89536
79960
43609
48630
62194
50002
18336
10804
56691
85313
83072
3279
71062
19526
61947
82078
39902
23085
10444
42822
29808
80403
91442
94918
69704
13452
2084
70817
85629
20409
92298
3184
65114
28003
57535
97387
22262
86845
76178
66445
14574
87602
67572
44303
37207
48548
393
52612
41053
83968
19702
95242
89354
17219
48192
9506
40379
39678
97557
78699
86429
33759
39827
51796
1715
67674
49360
55960
28530
48045
64811
5044
85264
72844
81383
74855
23001
77053
78112
33765
31227
40458
61405
53513
78902
69742
64492
44544
3269
55088
1917
52644
2851
54771
11040
66144
27217
92101
50106
41330
68840
402
62192
97364
67175
6093
27857
47410
69009
63823
1021
22073
42733
20059
54679
33410
42749
30405
59525
91095
77282
