15 102000
32 213210
12 431240
31 312310
35 102000
32 13920
54 31320
34 42050
24 8530
34 59390
55 43940
19 5390
34 53950
94 68290
40 93600
20 42920
42 8120
94 3430
65 42310
76 9410
57 3140
44 3410
21 43200
93 3130
56 34130
10 43290
73 49320
53 94290
55 43940
19 5390
34 53950
94 68290
40 93600
20 42920
42 8120
94 3430
65 42310
76 9410
57 3140
44 3410
21 43200
12 431240
31 312310
35 102000
32 13920
54 31320
34 42050
24 8530
34 59390
55 43940
19 5390
34 53950
93 3130
94 68290
40 93600
20 42920
42 8120
94 3430
65 42310
76 9410
57 3140
44 3410
21 43200
35 102000
32 13920
54 31320
34 42050
24 8530
34 59390
55 43940
19 5390
34 53950
93 3130
94 68290
40 93600
20 42920
42 8120
94 3430
65 42310
76 9410
57 3140
56 34130
10 43290
73 49320
53 94290
55 43940
19 5390
34 53950
93 3130
94 68290
40 93600
20 42920
42 8120
94 3430
65 42310
76 9410
57 3140
44 3410
21 43200
35 102000
32 13920
54 31320
34 42050
24 8530
34 59390
55 43940
19 5390
34 53950
93 3130
94 68290
40 93600
20 42920
42 8120
94 3430
65 42310
76 9410
57 3140
56 34130
10 43290
73 49320
53 94290