6800.0
6662.8125
35936.668
10074.517
2914.2856
435.0
580.0
1236.7646
355.41666
1746.7646
798.9091
283.6842
1586.7646
726.4894
2340.0
2146.0
193.33333
36.48936
650.9231
123.81579
55.08772
77.5
2057.1428
33.655914
609.4643
4329.0
675.61646
1779.0566
798.9091
283.6842
1586.7646
726.4894
2340.0
2146.0
193.33333
36.48936
650.9231
123.81579
55.08772
77.5
2057.1428
35936.668
10074.517
2914.2856
435.0
580.0
1236.7646
355.41666
1746.7646
798.9091
283.6842
1586.7646
33.655914
726.4894
2340.0
2146.0
193.33333
36.48936
650.9231
123.81579
55.08772
77.5
2057.1428
2914.2856
435.0
580.0
1236.7646
355.41666
1746.7646
798.9091
283.6842
1586.7646
33.655914
726.4894
2340.0
2146.0
193.33333
36.48936
650.9231
123.81579
55.08772
609.4643
4329.0
675.61646
1779.0566
798.9091
283.6842
1586.7646
33.655914
726.4894
2340.0
2146.0
193.33333
36.48936
650.9231
123.81579
55.08772
77.5
2057.1428
2914.2856
435.0
580.0
1236.7646
355.41666
1746.7646
798.9091
283.6842
1586.7646
33.655914
726.4894
2340.0
2146.0
193.33333
36.48936
650.9231
123.81579
55.08772
609.4643
4329.0
675.61646
1779.0566
